step,time,R_avg,norm,energy,max_density
0,0,0.999905,1,2.78906,0.035367
10,0.1,0.999882,0.999997,2.79069,0.0352722
20,0.2,0.999873,0.999995,2.78902,0.0350198
30,0.3,0.999893,0.999993,2.79476,0.0346131
40,0.4,0.999762,0.999989,2.78734,0.0340563
50,0.5,0.999862,0.999988,2.79434,0.0334931
60,0.6,0.999908,0.999986,2.78861,0.0334211
70,0.7,0.999872,0.999982,2.79202,0.0332048
80,0.8,0.999895,0.99998,2.79298,0.0328459
90,0.9,0.999857,0.999976,2.79439,0.0323485
100,1,0.99992,0.999975,2.79476,0.0317175
110,1.1,0.999862,0.999972,2.79149,0.0309594
120,1.2,0.999897,0.99997,2.79475,0.0300831
130,1.3,0.999804,0.999966,2.79208,0.0290979
140,1.4,0.999824,0.999965,2.79474,0.0280405
150,1.5,0.999862,0.999963,2.79446,0.0276087
160,1.6,0.999883,0.999959,2.79257,0.0270712
170,1.7,0.999855,0.999957,2.79401,0.0264329
180,1.8,0.999893,0.999955,2.79341,0.0257004
190,1.9,0.999852,0.999953,2.7947,0.0248806
200,2,0.9999,0.999952,2.79322,0.0239812
210,2.1,0.999847,0.999949,2.79461,0.023011
220,2.2,0.9999,0.999947,2.79344,0.0220261
230,2.3,0.999858,0.999944,2.79432,0.0216178
240,2.4,0.999858,0.999942,2.79441,0.0211351
250,2.5,0.999925,0.999941,2.79454,0.0205819
260,2.6,0.999905,0.999938,2.79464,0.019963
270,2.7,0.999871,0.999937,2.79388,0.0192837
280,2.8,0.999849,0.999934,2.79461,0.0185498
290,2.9,0.999877,0.999932,2.79458,0.0177678
300,3,0.999861,0.999929,2.79449,0.0172035
310,3.1,0.999795,0.999927,2.79424,0.0169164
320,3.2,0.999853,0.999926,2.79458,0.0165739
330,3.3,0.999866,0.999923,2.79454,0.0161783
340,3.4,0.999883,0.99992,2.79443,0.0157325
350,3.5,0.999867,0.999918,2.79446,0.0152397
360,3.6,0.999833,0.999916,2.79446,0.0147038
370,3.7,0.999829,0.999915,2.7945,0.014129
380,3.8,0.999892,0.999912,2.79454,0.0138083
390,3.9,0.999807,0.999909,2.79453,0.0136417
400,4,0.999865,0.999906,2.79449,0.0134306
410,4.1,0.999918,0.999905,2.79452,0.013176
420,4.2,0.999837,0.999903,2.79449,0.0128796
430,4.3,0.999894,0.9999,2.79451,0.0125432
440,4.4,0.999864,0.999897,2.79446,0.0121692
450,4.5,0.99987,0.999896,2.79443,0.0117789
460,4.6,0.999858,0.999894,2.79449,0.0114231
470,4.7,0.999905,0.999891,2.79442,0.0113502
480,4.8,0.999807,0.999888,2.79428,0.0112402
490,4.9,0.999899,0.999886,2.79446,0.0110934
500,5,0.999838,0.999885,2.79446,0.0109104
510,5.1,0.999904,0.999882,2.79446,0.0106923
520,5.2,0.999832,0.999879,2.7944,0.0104404
530,5.3,0.999799,0.999875,2.79404,0.010165
540,5.4,0.999825,0.999873,2.79406,0.00988132
550,5.5,0.999811,0.999872,2.79431,0.00965386
560,5.6,0.99987,0.999869,2.79427,0.0096183
570,5.7,0.999813,0.999867,2.79398,0.00955148
580,5.8,0.999909,0.999866,2.79433,0.00945334
590,5.9,0.999915,0.999861,2.79441,0.00932418
600,6,0.99991,0.99986,2.79435,0.00916456
610,6.1,0.999856,0.999856,2.79409,0.00897527
620,6.2,0.999841,0.999855,2.79439,0.00877083
630,6.3,0.999849,0.999852,2.79438,0.00857115
640,6.4,0.999859,0.999849,2.7941,0.00838715
650,6.5,0.999821,0.999846,2.79416,0.00833671
660,6.6,0.99983,0.999844,2.79395,0.0083029
670,6.7,0.999887,0.999839,2.79435,0.0082419
680,6.8,0.999879,0.999838,2.79388,0.00815372
690,6.9,0.999839,0.999835,2.79404,0.00803858
700,7,0.999891,0.999833,2.79433,0.00789704
710,7.1,0.999929,0.999829,2.79432,0.00774044
720,7.2,0.999798,0.999827,2.79385,0.0075882
730,7.3,0.999854,0.999825,2.79402,0.00743974
740,7.4,0.99985,0.99982,2.79379,0.00733863
750,7.5,0.999874,0.999819,2.79422,0.00733028
760,7.6,0.999818,0.999815,2.79428,0.00729811
770,7.7,0.999829,0.999813,2.79421,0.00724197
780,7.8,0.999909,0.999809,2.79427,0.00716192
790,7.9,0.999885,0.999808,2.79411,0.00705815
800,8,0.999812,0.999803,2.79401,0.00693711
810,8.1,0.999845,0.9998,2.79391,0.00681576
820,8.2,0.999829,0.999799,2.79419,0.00669768
830,8.3,0.999859,0.999796,2.79409,0.00657903
840,8.4,0.999907,0.999793,2.79405,0.00655153
850,8.5,0.999899,0.999789,2.79397,0.00654236
860,8.6,0.999829,0.999786,2.79409,0.00651182
870,8.7,0.9999,0.999784,2.79405,0.00645987
880,8.8,0.99986,0.999782,2.79408,0.00638662
890,8.9,0.999847,0.999779,2.79413,0.00629312
900,9,0.999903,0.999775,2.79395,0.00619042
910,9.1,0.99982,0.999772,2.79409,0.00609843
920,9.2,0.999894,0.999769,2.79398,0.00599742
930,9.3,0.999882,0.999766,2.79404,0.00591677
940,9.4,0.999887,0.999764,2.79403,0.0059137
950,9.5,0.999872,0.999761,2.79404,0.0059044
960,9.6,0.999829,0.999757,2.79393,0.0058758
970,9.7,0.999916,0.999755,2.79407,0.00582777
980,9.8,0.999904,0.999752,2.794,0.00576036
990,9.9,0.999874,0.99975,2.79407,0.00567911
1000,10,0.999847,0.999747,2.794,0.00560054
1010,10.1,0.999869,0.999745,2.79385,0.00551249
1020,10.2,0.99989,0.999742,2.794,0.00544673
1030,10.3,0.999853,0.999738,2.79399,0.00538231
1040,10.4,0.999884,0.999735,2.79404,0.00539028
1050,10.5,0.999834,0.999733,2.79392,0.00538081
1060,10.6,0.99983,0.99973,2.79387,0.00535368
1070,10.7,0.999879,0.999728,2.7939,0.00530876
1080,10.8,0.999911,0.999724,2.79377,0.00524617
1090,10.9,0.999833,0.999721,2.7937,0.00517716
1100,11,0.999842,0.999718,2.7939,0.00511011
1110,11.1,0.999867,0.999718,2.79394,0.00504651
1120,11.2,0.999815,0.999713,2.79367,0.00498168
1130,11.3,0.999907,0.999709,2.79381,0.00494413
1140,11.4,0.999836,0.999708,2.79373,0.00495072
1150,11.5,0.999846,0.999703,2.79349,0.00494135
1160,11.6,0.999864,0.999701,2.79376,0.00491573
1170,11.7,0.999806,0.999699,2.7935,0.00487383
1180,11.8,0.999831,0.999694,2.79376,0.00481861
1190,11.9,0.99984,0.999691,2.79351,0.00476115
1200,12,0.999851,0.999691,2.79377,0.00469942
1210,12.1,0.999835,0.999687,2.79373,0.00464996
1220,12.2,0.999888,0.999683,2.79362,0.004585
1230,12.3,0.999865,0.999682,2.79348,0.00457125
1240,12.4,0.999871,0.999678,2.79344,0.00457682
1250,12.5,0.999879,0.999676,2.79366,0.00456756
1260,12.6,0.999842,0.999674,2.79362,0.00454332
1270,12.7,0.999868,0.99967,2.79349,0.00450407
1280,12.8,0.999756,0.999668,2.79288,0.00445331
1290,12.9,0.999884,0.999663,2.79322,0.00440544
1300,13,0.999832,0.999662,2.79324,0.00435795
1310,13.1,0.999839,0.999658,2.79313,0.00430798
1320,13.2,0.999777,0.999657,2.79367,0.00426237
1330,13.3,0.999826,0.999653,2.7922,0.00425346
1340,13.4,0.999832,0.999651,2.79286,0.00425856
1350,13.5,0.999868,0.999646,2.79328,0.00424978
1360,13.6,0.999948,0.999645,2.79353,0.00422694
1370,13.7,0.999833,0.999642,2.79298,0.00418991
1380,13.8,0.999864,0.99964,2.79276,0.00414441
1390,13.9,0.999818,0.999637,2.79292,0.00409846
1400,14,0.999884,0.999632,2.79307,0.00406055
1410,14.1,0.999876,0.99963,2.79301,0.00401192
1420,14.2,0.999896,0.999626,2.79345,0.00397959
1430,14.3,0.999932,0.999625,2.79343,0.00397401
1440,14.4,0.9999,0.999622,2.79303,0.00397826
1450,14.5,0.999916,0.999619,2.7936,0.00396946
1460,14.6,0.999882,0.999616,2.7936,0.00394748
1470,14.7,0.99983,0.999614,2.79319,0.00391465
1480,14.8,0.99984,0.999611,2.79312,0.00387454
1490,14.9,0.999858,0.999605,2.79297,0.00383588
1500,15,0.999818,0.999606,2.79338,0.00379905
1510,15.1,0.999847,0.999602,2.79296,0.00376376
1520,15.2,0.999815,0.9996,2.79262,0.00372906
1530,15.3,0.999868,0.999599,2.79252,0.00373151
1540,15.4,0.999924,0.999595,2.79335,0.00373513
1550,15.5,0.999892,0.999591,2.79308,0.00372659
1560,15.6,0.999903,0.99959,2.79358,0.00370568
1570,15.7,0.99985,0.999587,2.79286,0.00367277
1580,15.8,0.999884,0.999583,2.79306,0.00363871
1590,15.9,0.999835,0.999582,2.79293,0.00360541
1600,16,0.999827,0.999579,2.79322,0.00356863
1610,16.1,0.999856,0.999577,2.79326,0.00354177
1620,16.2,0.999889,0.999573,2.79295,0.00350534
1630,16.3,0.99991,0.99957,2.7934,0.00351383
1640,16.4,0.999843,0.999567,2.79304,0.00351704
1650,16.5,0.999885,0.999564,2.79354,0.00350869
1660,16.6,0.999851,0.999563,2.79342,0.00348868
1670,16.7,0.999788,0.99956,2.79309,0.00345858
1680,16.8,0.999856,0.999556,2.79335,0.00342835
1690,16.9,0.999874,0.999553,2.79324,0.0034006
1700,17,0.999852,0.999552,2.79336,0.00336935
1710,17.1,0.999852,0.999548,2.79333,0.00334301
1720,17.2,0.99987,0.999545,2.79339,0.0033098
1730,17.3,0.999835,0.999543,2.7933,0.00332174
1740,17.4,0.9999,0.99954,2.79348,0.00332448
1750,17.5,0.999908,0.999536,2.79334,0.00331625
1760,17.6,0.999867,0.999534,2.79328,0.00329692
1770,17.7,0.999863,0.999531,2.79336,0.00327018
1780,17.8,0.99986,0.999528,2.79335,0.00324247
1790,17.9,0.999811,0.999525,2.7933,0.00321683
1800,18,0.99985,0.999521,2.79337,0.00319145
1810,18.1,0.999916,0.999521,2.79328,0.00316404
1820,18.2,0.999891,0.999517,2.79318,0.00314028
1830,18.3,0.999858,0.999514,2.79307,0.00314896
1840,18.4,0.999828,0.999513,2.79323,0.00315132
1850,18.5,0.999873,0.999509,2.79326,0.0031433
1860,18.6,0.999797,0.999505,2.79336,0.00312479
1870,18.7,0.999903,0.999504,2.79327,0.00310085
1880,18.8,0.999838,0.999499,2.79308,0.00307705
1890,18.9,0.999857,0.999496,2.793,0.00305119
1900,19,0.999874,0.999496,2.79312,0.00303055
1910,19.1,0.999868,0.999492,2.79309,0.00300238
1920,19.2,0.999839,0.999489,2.79288,0.00298535
1930,19.3,0.999859,0.999486,2.79295,0.00299308
1940,19.4,0.999898,0.999486,2.79283,0.00299507
1950,19.5,0.999871,0.99948,2.79289,0.00298721
1960,19.6,0.99988,0.999478,2.79307,0.00296998
1970,19.7,0.999851,0.999475,2.79302,0.00294795
1980,19.8,0.999806,0.999472,2.79285,0.00292717
1990,19.9,0.999879,0.999469,2.79318,0.00290348
2000,20,0.999824,0.999466,2.7926,0.00288435
2010,20.1,0.999859,0.999466,2.79279,0.00286158
2020,20.2,0.99987,0.999462,2.79313,0.00284314
2030,20.3,0.999926,0.999459,2.79298,0.00285251
2040,20.4,0.999849,0.999455,2.79285,0.00285431
2050,20.5,0.999881,0.999454,2.79303,0.00284673
2060,20.6,0.999847,0.999449,2.79298,0.00283028
2070,20.7,0.999761,0.999448,2.79235,0.00280967
2080,20.8,0.999895,0.999444,2.79277,0.00279069
2090,20.9,0.99987,0.99944,2.79259,0.00277096
2100,21,0.999842,0.99944,2.79264,0.0027509
2110,21.1,0.999878,0.999438,2.79289,0.00273275
2120,21.2,0.999861,0.999432,2.79271,0.00271308
2130,21.3,0.999893,0.99943,2.79289,0.00272339
2140,21.4,0.999863,0.999426,2.79232,0.00272507
2150,21.5,0.999905,0.999422,2.79273,0.00271782
2160,21.6,0.999852,0.999422,2.79283,0.00270221
2170,21.7,0.999867,0.999418,2.79282,0.00268362
2180,21.8,0.999854,0.999416,2.7926,0.00266604
2190,21.9,0.999856,0.999413,2.79272,0.00264935
2200,22,0.999858,0.999411,2.79275,0.00262854
2210,22.1,0.999901,0.999407,2.79263,0.00261456
2220,22.2,0.99989,0.999403,2.79281,0.00259686
2230,22.3,0.999896,0.9994,2.79278,0.00260682
2240,22.4,0.999887,0.999397,2.79267,0.00260836
2250,22.5,0.9999,0.999396,2.79281,0.00260135
2260,22.6,0.999883,0.999393,2.79256,0.00258597
2270,22.7,0.999876,0.999391,2.79293,0.0025687
2280,22.8,0.999875,0.999385,2.79291,0.00255196
2290,22.9,0.999856,0.999386,2.79275,0.00253737
2300,23,0.999845,0.999382,2.79275,0.00251915
2310,23.1,0.999896,0.99938,2.79292,0.00250536
2320,23.2,0.999756,0.999374,2.7926,0.00248941
2330,23.3,0.999858,0.999374,2.79293,0.00249887
2340,23.4,0.999847,0.999369,2.79283,0.00250022
2350,23.5,0.99974,0.999368,2.79266,0.00249333
2360,23.6,0.999923,0.999367,2.79296,0.00247891
2370,23.7,0.999764,0.999361,2.79276,0.00246392
2380,23.8,0.999856,0.999359,2.7929,0.00244752
2390,23.9,0.999923,0.999355,2.79295,0.00243405
2400,24,0.999905,0.999355,2.79293,0.00241922
2410,24.1,0.999866,0.99935,2.79296,0.00240415
2420,24.2,0.999831,0.999345,2.79286,0.00239112
2430,24.3,0.999869,0.999345,2.79284,0.00240006
2440,24.4,0.999862,0.999341,2.79289,0.00240124
2450,24.5,0.999873,0.999339,2.79287,0.00239451
2460,24.6,0.999916,0.999336,2.79287,0.00238084
2470,24.7,0.999907,0.999334,2.79288,0.00236717
2480,24.8,0.999942,0.999328,2.79291,0.00235255
2490,24.9,0.99977,0.999325,2.79285,0.00233858
2500,25,0.999838,0.999325,2.79285,0.00232621
2510,25.1,0.999849,0.999321,2.79287,0.00231009
2520,25.2,0.999864,0.999318,2.79283,0.00229953
2530,25.3,0.999847,0.999315,2.79284,0.00230804
2540,25.4,0.999881,0.999314,2.79283,0.00230908
2550,25.5,0.999865,0.99931,2.79281,0.00230255
2560,25.6,0.999892,0.999306,2.79283,0.00229022
2570,25.7,0.999772,0.999305,2.79276,0.00227755
2580,25.8,0.999852,0.999301,2.79273,0.00226456
2590,25.9,0.999842,0.999298,2.79274,0.00225017
2600,26,0.999907,0.999295,2.79274,0.00223963
2610,26.1,0.999855,0.999292,2.79276,0.00222421
2620,26.2,0.999889,0.999291,2.7928,0.00221497
2630,26.3,0.999873,0.999289,2.79272,0.00222309
2640,26.4,0.999848,0.999284,2.79268,0.00222406
2650,26.5,0.999916,0.99928,2.79275,0.00221769
2660,26.6,0.999861,0.999278,2.79265,0.00220606
2670,26.7,0.999856,0.999273,2.79258,0.00219417
2680,26.8,0.999889,0.999272,2.79267,0.00218275
2690,26.9,0.999771,0.999269,2.79247,0.0021695
2700,27,0.999857,0.999267,2.79264,0.00215924
2710,27.1,0.999889,0.999263,2.79254,0.00214702
2720,27.2,0.999793,0.999262,2.79241,0.00213639
2730,27.3,0.999869,0.999256,2.79267,0.00214223
2740,27.4,0.999872,0.999255,2.79254,0.00214288
2750,27.5,0.999834,0.999252,2.7924,0.00213647
2760,27.6,0.999801,0.999248,2.79248,0.00212604
2770,27.7,0.999881,0.999247,2.79261,0.00211546
2780,27.8,0.999892,0.999244,2.79259,0.00210609
2790,27.9,0.999805,0.999243,2.7922,0.00209596
2800,28,0.999862,0.999239,2.79247,0.00208497
2810,28.1,0.999856,0.999236,2.79233,0.00207657
2820,28.2,0.999868,0.999233,2.7924,0.00206491
2830,28.3,0.999916,0.999232,2.7923,0.00205852
2840,28.4,0.999844,0.999227,2.79241,0.00205834
2850,28.5,0.999841,0.999223,2.79229,0.00205295
2860,28.6,0.999893,0.99922,2.79236,0.00204642
2870,28.7,0.999869,0.99922,2.79231,0.00204003
2880,28.8,0.99989,0.999216,2.79242,0.00203227
2890,28.9,0.999889,0.999214,2.79249,0.0020273
2900,29,0.999852,0.999207,2.79229,0.00202035
2910,29.1,0.99987,0.999207,2.79235,0.00201457
2920,29.2,0.999851,0.999203,2.7922,0.00200757
2930,29.3,0.999869,0.999202,2.79189,0.00200306
2940,29.4,0.999861,0.999198,2.79215,0.00199303
2950,29.5,0.99987,0.999194,2.79218,0.0019916
2960,29.6,0.999871,0.999194,2.79247,0.0020234
2970,29.7,0.999856,0.999192,2.79193,0.00209106
2980,29.8,0.999905,0.999188,2.79232,0.00215468
2990,29.9,0.999838,0.999184,2.7923,0.0022137
3000,30,0.999909,0.999183,2.7922,0.00227829
3010,30.1,0.999873,0.999178,2.79209,0.00233883
3020,30.2,0.999863,0.999177,2.79214,0.00239383
3030,30.3,0.999851,0.999175,2.79199,0.00244736
3040,30.4,0.999905,0.999173,2.79204,0.00250491
3050,30.5,0.999857,0.999168,2.7922,0.00255614
3060,30.6,0.999838,0.999167,2.79194,0.00260047
3070,30.7,0.99987,0.999162,2.7922,0.00264949
3080,30.8,0.999811,0.99916,2.7919,0.00269777
3090,30.9,0.999818,0.999158,2.79179,0.00273839
3100,31,0.999923,0.999155,2.79215,0.00277828
3110,31.1,0.999866,0.999151,2.79201,0.00282572
3120,31.2,0.999822,0.999149,2.79192,0.002865
3130,31.3,0.999846,0.999147,2.79161,0.00289559
3140,31.4,0.999857,0.999144,2.79191,0.00293205
3150,31.5,0.999852,0.99914,2.79189,0.00297145
3160,31.6,0.999881,0.99914,2.79204,0.00300195
3170,31.7,0.99985,0.999135,2.79188,0.00302724
3180,31.8,0.999839,0.999133,2.79186,0.00306899
3190,31.9,0.99984,0.999131,2.79164,0.00310156
3200,32,0.99988,0.999127,2.79215,0.00312454
3210,32.1,0.999811,0.999125,2.79146,0.00314556
3220,32.2,0.999922,0.999121,2.79218,0.00318279
3230,32.3,0.99985,0.999119,2.79178,0.00321035
3240,32.4,0.999827,0.999116,2.79184,0.00322781
3250,32.5,0.999889,0.999114,2.79182,0.00325035
3260,32.6,0.999903,0.99911,2.79164,0.0032855
3270,32.7,0.999876,0.999107,2.79187,0.00331061
3280,32.8,0.999877,0.999106,2.79162,0.00332515
3290,32.9,0.999869,0.999104,2.79165,0.00333413
3300,33,0.999856,0.999099,2.79151,0.00336871
3310,33.1,0.999917,0.999097,2.79212,0.0033931
3320,33.2,0.999859,0.999094,2.79142,0.00340678
3330,33.3,0.999853,0.99909,2.79155,0.00341
3340,33.4,0.999853,0.999087,2.79164,0.00344631
3350,33.5,0.999819,0.999085,2.79143,0.00347184
3360,33.6,0.999873,0.999081,2.79168,0.00348639
3370,33.7,0.999832,0.999078,2.79096,0.00348974
3380,33.8,0.999809,0.999077,2.79094,0.00350373
3390,33.9,0.999887,0.999072,2.79144,0.00353439
3400,34,0.999849,0.99907,2.79163,0.00355364
3410,34.1,0.999869,0.999068,2.79129,0.0035612
3420,34.2,0.999857,0.999066,2.79149,0.00355677
3430,34.3,0.999867,0.999065,2.79146,0.00358332
3440,34.4,0.999871,0.99906,2.7912,0.0036106
3450,34.5,0.999849,0.999058,2.79165,0.00362619
3460,34.6,0.999873,0.999057,2.79182,0.00362974
3470,34.7,0.9999,0.999052,2.79153,0.00362088
3480,34.8,0.999867,0.999049,2.79101,0.00364422
3490,34.9,0.999833,0.999047,2.79185,0.00366969
3500,35,0.999857,0.999044,2.79144,0.00368339
3510,35.1,0.999872,0.999039,2.79145,0.003685
3520,35.2,0.999896,0.999038,2.79159,0.00367412
3530,35.3,0.999862,0.999036,2.79114,0.00369741
3540,35.4,0.999876,0.999032,2.79187,0.00372287
3550,35.5,0.999927,0.99903,2.79183,0.00373651
3560,35.6,0.999893,0.999026,2.79156,0.00373796
3570,35.7,0.999877,0.999022,2.79172,0.00372686
3580,35.8,0.999872,0.999023,2.79165,0.00373632
3590,35.9,0.999873,0.999017,2.79166,0.00376453
3600,36,0.999885,0.999016,2.79179,0.00378072
3610,36.1,0.999864,0.999012,2.79172,0.0037846
3620,36.2,0.99987,0.999009,2.79182,0.00377585
3630,36.3,0.999887,0.999005,2.79179,0.00376157
3640,36.4,0.999864,0.999005,2.79157,0.00379493
3650,36.5,0.999892,0.999003,2.79177,0.00381637
3660,36.6,0.999852,0.998998,2.79169,0.00382544
3670,36.7,0.999873,0.998993,2.79187,0.00382189
3680,36.8,0.999838,0.998994,2.79187,0.00380546
3690,36.9,0.999848,0.998991,2.79182,0.00380892
3700,37,0.999821,0.998987,2.79163,0.00383742
3710,37.1,0.999815,0.998984,2.79183,0.00385387
3720,37.2,0.99987,0.99898,2.79189,0.00385788
3730,37.3,0.999857,0.998978,2.79184,0.00384911
3740,37.4,0.999812,0.998974,2.79173,0.00382741
3750,37.5,0.999912,0.998972,2.79189,0.00384592
3760,37.6,0.999857,0.99897,2.79183,0.00387118
3770,37.7,0.999869,0.998967,2.79183,0.00388424
3780,37.8,0.999857,0.998965,2.79186,0.00388473
3790,37.9,0.999894,0.998961,2.79181,0.00387241
3800,38,0.999857,0.998959,2.79183,0.00384714
3810,38.1,0.999902,0.998955,2.79184,0.00387318
3820,38.2,0.99986,0.998955,2.79177,0.00389772
3830,38.3,0.999894,0.99895,2.79183,0.00390974
3840,38.4,0.999866,0.998947,2.79182,0.00390899
3850,38.5,0.999914,0.998944,2.7918,0.00389527
3860,38.6,0.999871,0.998941,2.79172,0.00386849
3870,38.7,0.999871,0.99894,2.79172,0.0038898
3880,38.8,0.999847,0.998935,2.7917,0.00391585
3890,38.9,0.999837,0.998931,2.79165,0.00392929
3900,39,0.999886,0.998932,2.79163,0.00392984
3910,39.1,0.999833,0.99893,2.79159,0.00391727
3920,39.2,0.999872,0.998925,2.79157,0.00389151
3930,39.3,0.999929,0.998923,2.79171,0.00390055
3940,39.4,0.999903,0.99892,2.79161,0.00393047
3950,39.5,0.999916,0.998915,2.79161,0.00394788
3960,39.6,0.999895,0.998915,2.79158,0.00395244
3970,39.7,0.99989,0.99891,2.79146,0.0039439
3980,39.8,0.999898,0.998909,2.79144,0.00392214
3990,39.9,0.999808,0.998905,2.79145,0.00391425
4000,40,0.999864,0.998902,2.79157,0.00395094
4010,40.1,0.999828,0.998897,2.79138,0.00397555
4020,40.2,0.999792,0.998897,2.7911,0.00398759
4030,40.3,0.999857,0.998896,2.79151,0.00398664
4040,40.4,0.999877,0.998891,2.79157,0.00397255
4050,40.5,0.999831,0.998888,2.79135,0.00395984
4060,40.6,0.999924,0.998884,2.79153,0.00400773
4070,40.7,0.99983,0.998883,2.7914,0.00404401
4080,40.8,0.999912,0.998882,2.79149,0.00406815
4090,40.9,0.999879,0.998879,2.79147,0.00407971
4100,41,0.999817,0.998874,2.79123,0.00407835
4110,41.1,0.999852,0.998871,2.79111,0.00408161
4120,41.2,0.999839,0.998869,2.79099,0.00414653
4130,41.3,0.999904,0.998867,2.79123,0.00420023
4140,41.4,0.999866,0.998864,2.79107,0.00424212
4150,41.5,0.999807,0.99886,2.79141,0.00427155
4160,41.6,0.999885,0.998858,2.79127,0.00428814
4170,41.7,0.999852,0.998855,2.7911,0.00431913
4180,41.8,0.999924,0.998854,2.7915,0.00440455
4190,41.9,0.999875,0.99885,2.79098,0.00447866
4200,42,0.999853,0.998846,2.79092,0.00454067
4210,42.1,0.999884,0.998844,2.79139,0.00458993
4220,42.2,0.999883,0.998843,2.79105,0.00462586
4230,42.3,0.999845,0.998839,2.79111,0.00464786
4240,42.4,0.99989,0.998834,2.79078,0.00474382
4250,42.5,0.999881,0.998833,2.79146,0.00483194
4260,42.6,0.99989,0.99883,2.79056,0.00490697
4270,42.7,0.999796,0.998827,2.79073,0.00496808
4280,42.8,0.999906,0.998825,2.79117,0.00501454
4290,42.9,0.999871,0.998822,2.7912,0.00504566
4300,43,0.999868,0.998821,2.79086,0.00506078
4310,43.1,0.9999,0.998817,2.79118,0.0050614
4320,43.2,0.999868,0.998813,2.79099,0.0051313
4330,43.3,0.999896,0.998811,2.79098,0.00518597
4340,43.4,0.999898,0.998808,2.79123,0.00522457
4350,43.5,0.999883,0.998805,2.79083,0.00524659
4360,43.6,0.999884,0.998803,2.79031,0.00525141
4370,43.7,0.999899,0.9988,2.79131,0.0052387
4380,43.8,0.999893,0.998796,2.79133,0.00520801
4390,43.9,0.999915,0.998795,2.79126,0.00515922
4400,44,0.999882,0.998792,2.79107,0.00509235
4410,44.1,0.999817,0.998792,2.79023,0.00502263
4420,44.2,0.999884,0.998785,2.7907,0.00500925
4430,44.3,0.999857,0.998781,2.79068,0.00497938
4440,44.4,0.999868,0.998776,2.79115,0.00493286
4450,44.5,0.99989,0.998777,2.79061,0.00486968
4460,44.6,0.999847,0.998775,2.7906,0.00479007
4470,44.7,0.999839,0.998773,2.79066,0.00469442
4480,44.8,0.99988,0.998771,2.79084,0.00458336
4490,44.9,0.999892,0.998766,2.79065,0.00445758
4500,45,0.999856,0.998765,2.79097,0.00431791
4510,45.1,0.999864,0.998761,2.79068,0.00423587
4520,45.2,0.999879,0.998757,2.79053,0.00416504
4530,45.3,0.999876,0.998755,2.79063,0.00408143
4540,45.4,0.999883,0.998754,2.79111,0.00398534
4550,45.5,0.999885,0.998749,2.79071,0.00387726
4560,45.6,0.999846,0.998748,2.79072,0.00375784
4570,45.7,0.9999,0.998745,2.7909,0.00362779
4580,45.8,0.999826,0.998743,2.7906,0.00353107
4590,45.9,0.999893,0.998738,2.79097,0.00348071
4600,46,0.999881,0.998737,2.79073,0.00342001
4610,46.1,0.999897,0.998733,2.79081,0.00334919
4620,46.2,0.999875,0.998728,2.7907,0.00326846
4630,46.3,0.999853,0.998727,2.7907,0.00317825
4640,46.4,0.999836,0.998725,2.79068,0.00310692
4650,46.5,0.999875,0.998721,2.79074,0.00309665
4660,46.6,0.999881,0.998718,2.79082,0.00307677
4670,46.7,0.999883,0.998716,2.79087,0.00304713
4680,46.8,0.999851,0.998715,2.79058,0.00300768
4690,46.9,0.999846,0.998709,2.79072,0.00295847
4700,47,0.999915,0.998709,2.79078,0.0029244
4710,47.1,0.999862,0.998703,2.79059,0.00294917
4720,47.2,0.999879,0.998703,2.79074,0.00296423
4730,47.3,0.999882,0.998701,2.79069,0.0029692
4740,47.4,0.999865,0.998697,2.79054,0.00296383
4750,47.5,0.999909,0.998692,2.79069,0.00294797
4760,47.6,0.999892,0.998689,2.79096,0.00292155
4770,47.7,0.999874,0.998688,2.79064,0.00294418
4780,47.8,0.999857,0.998685,2.79044,0.00298576
4790,47.9,0.99987,0.998681,2.79081,0.00301706
4800,48,0.999888,0.998679,2.79069,0.00303758
4810,48.1,0.999882,0.998675,2.79054,0.00304693
4820,48.2,0.99986,0.998676,2.79024,0.0030449
4830,48.3,0.999885,0.99867,2.79076,0.00303133
4840,48.4,0.999899,0.998668,2.7907,0.003032
4850,48.5,0.999847,0.998665,2.79029,0.00308288
4860,48.6,0.999836,0.998663,2.79033,0.00312319
4870,48.7,0.999918,0.998657,2.79074,0.0031524
4880,48.8,0.999844,0.998658,2.7906,0.00317002
4890,48.9,0.999902,0.998653,2.79038,0.00317572
4900,49,0.99989,0.998652,2.79063,0.00316936
4910,49.1,0.99985,0.998651,2.7904,0.00315089
4920,49.2,0.999857,0.998646,2.79043,0.00316155
4930,49.3,0.999906,0.998644,2.79077,0.00320801
4940,49.4,0.999857,0.998639,2.79048,0.00324347
4950,49.5,0.999855,0.998637,2.79079,0.00326745
4960,49.6,0.999861,0.998635,2.79064,0.00327954
4970,49.7,0.999871,0.998631,2.79036,0.00327951
4980,49.8,0.999853,0.998631,2.7904,0.0032672
4990,49.9,0.99987,0.998624,2.79041,0.00324264
5000,50,0.999858,0.998625,2.79023,0.00324458
5010,50.1,0.999904,0.998621,2.79089,0.00328657
5020,50.2,0.999872,0.998618,2.79069,0.00331752
5030,50.3,0.999913,0.998616,2.79059,0.00333696
5040,50.4,0.999839,0.998612,2.79049,0.00334448
5050,50.5,0.999878,0.998611,2.79046,0.00333984
5060,50.6,0.999772,0.998608,2.79016,0.00332295
5070,50.7,0.999842,0.998602,2.79073,0.00329377
5080,50.8,0.999886,0.998602,2.79059,0.00329178
5090,50.9,0.999912,0.998599,2.79072,0.00333069
5100,51,0.999931,0.998596,2.79067,0.00335854
5110,51.1,0.999901,0.998593,2.79069,0.00337488
5120,51.2,0.999927,0.998591,2.79074,0.00337939
5130,51.3,0.999882,0.998587,2.79059,0.00337185
5140,51.4,0.999879,0.998587,2.79078,0.00335212
5150,51.5,0.999835,0.998581,2.7906,0.00332026
5160,51.6,0.999871,0.998581,2.7906,0.00331173
5170,51.7,0.999857,0.998576,2.79067,0.00334918
5180,51.8,0.99987,0.998575,2.79047,0.00337561
5190,51.9,0.999867,0.998573,2.7906,0.00339058
5200,52,0.999858,0.998567,2.79064,0.00339376
5210,52.1,0.999843,0.998564,2.79062,0.00338492
5220,52.2,0.999861,0.998563,2.79055,0.00336399
5230,52.3,0.999856,0.998561,2.79045,0.003331
5240,52.4,0.999913,0.99856,2.79069,0.00331662
5250,52.5,0.999824,0.998556,2.79042,0.00335366
5260,52.6,0.999908,0.998551,2.79065,0.00337972
5270,52.7,0.999888,0.998548,2.79062,0.00339435
5280,52.8,0.999853,0.998545,2.79042,0.0033972
5290,52.9,0.999891,0.998546,2.79046,0.00338814
5300,53,0.999885,0.998541,2.79048,0.00336717
5310,53.1,0.999883,0.998539,2.79027,0.00333426
5320,53.2,0.999884,0.998535,2.79056,0.00330916
5330,53.3,0.999873,0.998534,2.79057,0.00334685
5340,53.4,0.999886,0.99853,2.79041,0.00337369
5350,53.5,0.999885,0.998528,2.79043,0.00338928
5360,53.6,0.999883,0.998525,2.79042,0.00339323
5370,53.7,0.999841,0.998523,2.79015,0.00338531
5380,53.8,0.999883,0.998519,2.7903,0.00336545
5390,53.9,0.999902,0.998518,2.79044,0.00333367
5400,54,0.999824,0.998512,2.78996,0.00329302
5410,54.1,0.999874,0.998512,2.79048,0.00333203
5420,54.2,0.999855,0.998508,2.7903,0.00336027
5430,54.3,0.99988,0.998505,2.79018,0.00337731
5440,54.4,0.999855,0.998505,2.79006,0.00338279
5450,54.5,0.999885,0.998501,2.79031,0.00337652
5460,54.6,0.999905,0.998498,2.79037,0.00335843
5470,54.7,0.999825,0.998496,2.78988,0.00332859
5480,54.8,0.999848,0.998491,2.79016,0.0032871
5490,54.9,0.999824,0.998488,2.79012,0.00331235
5500,55,0.999861,0.998484,2.78994,0.00334261
5510,55.1,0.999885,0.998482,2.78976,0.00336182
5520,55.2,0.999866,0.998479,2.78968,0.00336975
5530,55.3,0.999824,0.998478,2.79024,0.00336616
5540,55.4,0.99989,0.998474,2.78994,0.00335089
5550,55.5,0.99986,0.998471,2.78996,0.00332389
5560,55.6,0.999898,0.99847,2.79027,0.00328526
5570,55.7,0.999837,0.998468,2.7898,0.00328607
5580,55.8,0.999844,0.998464,2.79003,0.00331884
5590,55.9,0.999815,0.99846,2.7894,0.00334068
5600,56,0.999832,0.998459,2.78942,0.00335131
5610,56.1,0.999861,0.998455,2.79019,0.00335066
5620,56.2,0.999886,0.998453,2.78984,0.00333853
5630,56.3,0.999943,0.998449,2.79036,0.0033149
5640,56.4,0.999889,0.998448,2.79033,0.00327965
5650,56.5,0.999893,0.998442,2.78982,0.0032545
5660,56.6,0.999895,0.998441,2.7903,0.00329067
5670,56.7,0.999866,0.99844,2.78971,0.00331627
5680,56.8,0.999891,0.998436,2.7898,0.0033309
5690,56.9,0.999936,0.998434,2.79024,0.00333419
5700,57,0.999892,0.998429,2.78999,0.00332602
5710,57.1,0.999851,0.998429,2.78966,0.00330631
5720,57.2,0.999875,0.998425,2.78946,0.00327511
5730,57.3,0.999888,0.998422,2.78995,0.0032325
5740,57.4,0.999825,0.998421,2.79011,0.00325599
5750,57.5,0.999838,0.998417,2.78981,0.00328552
5760,57.6,0.999846,0.998415,2.78986,0.00330437
5770,57.7,0.999877,0.998412,2.79005,0.00331219
5780,57.8,0.999862,0.998408,2.79005,0.00330876
5790,57.9,0.999869,0.998406,2.78982,0.00329392
5800,58,0.999946,0.998404,2.79029,0.00326759
5810,58.1,0.999892,0.998398,2.79005,0.00322985
5820,58.2,0.99991,0.998396,2.79,0.00321899
5830,58.3,0.999872,0.998393,2.79011,0.00325273
5840,58.4,0.999904,0.99839,2.79019,0.00327598
5850,58.5,0.999871,0.998389,2.79008,0.00328839
5860,58.6,0.999857,0.998384,2.7901,0.0032897
5870,58.7,0.999863,0.998381,2.79004,0.00327975
5880,58.8,0.999807,0.99838,2.78991,0.00325847
5890,58.9,0.999866,0.998374,2.79011,0.00322584
5900,59,0.999858,0.998375,2.79004,0.00318199
5910,59.1,0.999857,0.998372,2.7901,0.00321412
5920,59.2,0.999876,0.998369,2.79003,0.00324238
5930,59.3,0.999849,0.998366,2.79006,0.00326007
5940,59.4,0.999854,0.998362,2.78994,0.00326687
5950,59.5,0.99988,0.998363,2.79015,0.00326255
5960,59.6,0.999884,0.998356,2.79003,0.003247
5970,59.7,0.999852,0.998356,2.79008,0.00322017
5980,59.8,0.999878,0.998351,2.79011,0.00318215
5990,59.9,0.999866,0.998348,2.79011,0.00317148
6000,60,0.999863,0.998344,2.78996,0.00320488
6010,60.1,0.999856,0.998344,2.78967,0.00322798
6020,60.2,0.999922,0.998341,2.78991,0.00324043
6030,60.3,0.999915,0.998336,2.79009,0.00324197
6040,60.4,0.999891,0.998335,2.78984,0.00323239
6050,60.5,0.999874,0.998333,2.78991,0.00321166
6060,60.6,0.999857,0.998328,2.79003,0.00317978
6070,60.7,0.999875,0.998326,2.7897,0.00313691
6080,60.8,0.999865,0.998324,2.78992,0.003163
6090,60.9,0.999895,0.998322,2.78974,0.00319172
6100,61,0.999822,0.998319,2.78987,0.00321006
6110,61.1,0.999921,0.998316,2.78996,0.00326182
6120,61.2,0.999846,0.998312,2.78984,0.00332855
6130,61.3,0.999873,0.998312,2.78964,0.00338661
6140,61.4,0.999886,0.998306,2.78936,0.00343536
6150,61.5,0.999857,0.998306,2.78968,0.0034742
6160,61.6,0.99988,0.998302,2.78981,0.00350262
6170,61.7,0.999867,0.9983,2.78963,0.00352021
6180,61.8,0.999881,0.998297,2.78939,0.00352654
6190,61.9,0.999836,0.998295,2.78961,0.00357032
6200,62,0.999854,0.99829,2.78951,0.00361435
6210,62.1,0.999858,0.99829,2.78959,0.00364724
6220,62.2,0.99988,0.998286,2.78983,0.00366861
6230,62.3,0.999829,0.998284,2.78898,0.00367807
6240,62.4,0.999854,0.998281,2.78904,0.00367524
6250,62.5,0.999884,0.998278,2.78943,0.00365989
6260,62.6,0.999844,0.998274,2.78943,0.00363199
6270,62.7,0.999898,0.99827,2.78956,0.00359155
6280,62.8,0.999885,0.99827,2.78928,0.00353874
6290,62.9,0.999941,0.998267,2.78979,0.00352648
6300,63,0.999885,0.998262,2.78915,0.00350903
6310,63.1,0.999872,0.998259,2.78962,0.00347982
6320,63.2,0.999894,0.998259,2.78924,0.00343888
6330,63.3,0.999888,0.998257,2.78962,0.00338656
6340,63.4,0.999878,0.998252,2.78942,0.00332312
6350,63.5,0.999906,0.998252,2.78969,0.00324886
6360,63.6,0.999822,0.998247,2.78873,0.00316413
6370,63.7,0.999869,0.998246,2.78937,0.00313891
6380,63.8,0.999905,0.998244,2.78942,0.00313566
6390,63.9,0.999872,0.99824,2.7895,0.00312169
6400,64,0.999896,0.998239,2.78959,0.00309701
6410,64.1,0.999887,0.998235,2.78938,0.00306158
6420,64.2,0.999933,0.99823,2.78958,0.00303471
6430,64.3,0.999886,0.998227,2.78941,0.00306929
6440,64.4,0.999873,0.998227,2.78933,0.00309422
6450,64.5,0.999877,0.998223,2.78936,0.00310909
6460,64.6,0.999892,0.998223,2.78933,0.00311363
6470,64.7,0.999904,0.998219,2.78947,0.00310763
6480,64.8,0.999889,0.998217,2.78933,0.00309098
6490,64.9,0.999903,0.998211,2.78947,0.00306361
6500,65,0.999868,0.99821,2.7892,0.00302558
6510,65.1,0.999928,0.998206,2.78954,0.00301688
6520,65.2,0.999881,0.998205,2.78935,0.00304928
6530,65.3,0.9999,0.9982,2.78943,0.00307208
6540,65.4,0.999846,0.9982,2.78927,0.00308485
6550,65.5,0.999851,0.998198,2.7893,0.00308731
6560,65.6,0.999888,0.998193,2.78937,0.00307924
6570,65.7,0.999885,0.998191,2.78936,0.00306053
6580,65.8,0.999821,0.998187,2.78926,0.00303116
6590,65.9,0.999823,0.998186,2.78917,0.00299119
6600,66,0.999877,0.998182,2.78939,0.00300357
6610,66.1,0.999848,0.998183,2.78941,0.00303436
6620,66.2,0.999918,0.998177,2.78936,0.00305557
6630,66.3,0.999902,0.998175,2.78952,0.00306681
6640,66.4,0.999896,0.998174,2.78939,0.00306781
6650,66.5,0.999872,0.998169,2.78927,0.00305836
6660,66.6,0.999886,0.998169,2.78937,0.00303835
6670,66.7,0.999835,0.998164,2.78919,0.00300779
6680,66.8,0.999906,0.998159,2.78932,0.0029668
6690,66.9,0.999857,0.998158,2.78926,0.0030062
6700,67,0.999908,0.998152,2.78937,0.00303707
6710,67.1,0.999862,0.998153,2.78931,0.00305841
6720,67.2,0.999861,0.998151,2.7894,0.00306985
6730,67.3,0.999855,0.998147,2.78919,0.00307111
6740,67.4,0.999898,0.998144,2.78947,0.00306203
6750,67.5,0.999918,0.998141,2.78948,0.00304249
6760,67.6,0.999893,0.998139,2.78913,0.00301254
6770,67.7,0.999883,0.998136,2.78915,0.00300875
6780,67.8,0.999847,0.998134,2.78922,0.00305029
6790,67.9,0.999853,0.998132,2.78917,0.00308266
6800,68,0.999799,0.998128,2.78873,0.00310541
6810,68.1,0.999832,0.998126,2.78919,0.00311818
6820,68.2,0.999841,0.998122,2.7892,0.00312063
6830,68.3,0.999863,0.998119,2.78883,0.00311262
6840,68.4,0.999907,0.998118,2.78888,0.00309401
6850,68.5,0.999888,0.998116,2.78898,0.00306488
6860,68.6,0.999891,0.998113,2.78932,0.00309847
6870,68.7,0.999857,0.99811,2.78911,0.00314035
6880,68.8,0.999797,0.998109,2.78875,0.00317238
6890,68.9,0.999908,0.998106,2.78903,0.00319417
6900,69,0.99983,0.998101,2.789,0.00320537
6910,69.1,0.999863,0.998099,2.78887,0.00320584
6920,69.2,0.999913,0.998096,2.78904,0.00319549
6930,69.3,0.999832,0.998093,2.7888,0.00317439
6940,69.4,0.999768,0.998092,2.78849,0.00314267
6950,69.5,0.999895,0.998088,2.78917,0.00314996
6960,69.6,0.999881,0.998085,2.78891,0.00318442
6970,69.7,0.999874,0.998084,2.78891,0.0032084
6980,69.8,0.999869,0.998079,2.78888,0.00322179
6990,69.9,0.999912,0.998076,2.7889,0.00322493
7000,70,0.99984,0.998074,2.78869,0.00321825
7010,70.1,0.999908,0.998071,2.78921,0.00320049
7020,70.2,0.999867,0.998069,2.78847,0.00318015
7030,70.3,0.999744,0.998066,2.78817,0.00316144
7040,70.4,0.999909,0.998064,2.78892,0.003132
7050,70.5,0.999891,0.998061,2.78839,0.00309183
7060,70.6,0.999882,0.998056,2.78864,0.00308119
7070,70.7,0.999904,0.998053,2.78914,0.00308439
7080,70.8,0.999888,0.99805,2.78874,0.00307743
7090,70.9,0.999827,0.998048,2.7885,0.0030602
7100,71,0.99988,0.998046,2.78892,0.00303274
7110,71.1,0.99989,0.998046,2.78891,0.00299517
7120,71.2,0.999799,0.998042,2.78859,0.00294752
7130,71.3,0.999867,0.99804,2.78894,0.00288989
7140,71.4,0.999867,0.998037,2.78884,0.00282249
7150,71.5,0.999884,0.998035,2.78906,0.00283086
7160,71.6,0.99991,0.998029,2.78907,0.00283227
7170,71.7,0.999895,0.998028,2.78906,0.00282454
7180,71.8,0.99989,0.998024,2.78906,0.00280756
7190,71.9,0.999919,0.998022,2.78907,0.00278127
7200,72,0.99986,0.99802,2.78893,0.0027457
7210,72.1,0.999811,0.998017,2.78889,0.00270091
7220,72.2,0.999894,0.998014,2.78906,0.00264705
7230,72.3,0.999873,0.998012,2.78911,0.0026159
7240,72.4,0.999877,0.998007,2.789,0.00263243
7250,72.5,0.999847,0.998007,2.78907,0.00264061
7260,72.6,0.99985,0.998002,2.78901,0.0026402
7270,72.7,0.99986,0.998001,2.78903,0.002631
7280,72.8,0.999891,0.997996,2.78907,0.00261288
7290,72.9,0.999818,0.997994,2.789,0.00258577
7300,73,0.999876,0.997992,2.78908,0.00254973
7310,73.1,0.999892,0.997989,2.78908,0.0025104
7320,73.2,0.999894,0.997985,2.7891,0.002542
7330,73.3,0.999867,0.997984,2.7891,0.00256561
7340,73.4,0.999884,0.997981,2.78905,0.00258085
7350,73.5,0.99989,0.997977,2.78911,0.00258738
7360,73.6,0.999825,0.997973,2.78903,0.00258495
7370,73.7,0.999898,0.997969,2.78906,0.00257336
7380,73.8,0.999899,0.997969,2.78906,0.00255253
7390,73.9,0.999889,0.997965,2.78904,0.0025225
7400,74,0.999896,0.997964,2.78908,0.0025198
7410,74.1,0.999921,0.997961,2.78905,0.00255455
7420,74.2,0.999827,0.997956,2.78899,0.00258106
7430,74.3,0.999876,0.997954,2.78898,0.00259891
7440,74.4,0.999905,0.99795,2.78899,0.00260776
7450,74.5,0.999872,0.99795,2.78897,0.00260734
7460,74.6,0.999877,0.997947,2.78894,0.00259752
7470,74.7,0.999888,0.997942,2.78897,0.00257822
7480,74.8,0.999864,0.997941,2.78886,0.00254954
7490,74.9,0.999864,0.99794,2.78885,0.00254579
7500,75,0.999888,0.997933,2.7889,0.00258071
7510,75.1,0.999847,0.997932,2.7888,0.00260726
7520,75.2,0.999894,0.997929,2.78887,0.00262507
7530,75.3,0.999813,0.997926,2.78874,0.00263381
7540,75.4,0.999879,0.997924,2.78879,0.00263329
7550,75.5,0.999845,0.997923,2.78874,0.00262337
7560,75.6,0.999905,0.997922,2.78877,0.00260403
7570,75.7,0.999937,0.997915,2.78883,0.00257532
7580,75.8,0.999861,0.997915,2.78875,0.00255502
7590,75.9,0.999884,0.997912,2.78876,0.00258958
7600,76,0.999878,0.997906,2.7886,0.00261582
7610,76.1,0.999841,0.997905,2.78851,0.00263337
7620,76.2,0.999875,0.997901,2.78853,0.00264195
7630,76.3,0.999856,0.997899,2.78859,0.00264132
7640,76.4,0.999863,0.997896,2.78845,0.00263141
7650,76.5,0.999849,0.997893,2.78854,0.00261218
7660,76.6,0.999889,0.99789,2.78863,0.00258364
7670,76.7,0.999881,0.997889,2.78851,0.00255021
7680,76.8,0.999874,0.997885,2.78848,0.00258477
7690,76.9,0.999842,0.997882,2.78822,0.00261114
7700,77,0.999853,0.99788,2.78806,0.00262892
7710,77.1,0.999839,0.997876,2.7882,0.00263785
7720,77.2,0.999921,0.997872,2.78872,0.00263776
7730,77.3,0.999872,0.997872,2.78829,0.00262855
7740,77.4,0.999847,0.99787,2.78806,0.00261018
7750,77.5,0.999857,0.997866,2.78806,0.00258265
7760,77.6,0.999891,0.997862,2.78816,0.00254606
7770,77.7,0.999855,0.997859,2.78783,0.00256945
7780,77.8,0.999854,0.997857,2.78816,0.00259643
7790,77.9,0.999847,0.997853,2.78793,0.00261505
7800,78,0.999856,0.997851,2.78796,0.00262498
7810,78.1,0.999875,0.997849,2.78803,0.00262602
7820,78.2,0.999856,0.997845,2.78787,0.00261807
7830,78.3,0.999894,0.997847,2.78826,0.00260105
7840,78.4,0.999875,0.99784,2.78833,0.00257495
7850,78.5,0.999853,0.997836,2.78807,0.0025398
7860,78.6,0.99985,0.997836,2.78778,0.00255079
7870,78.7,0.999843,0.997832,2.78774,0.00257861
7880,78.8,0.999901,0.997829,2.78827,0.00259822
7890,78.9,0.999909,0.997828,2.78806,0.00260932
7900,79,0.999856,0.997826,2.78793,0.00261167
7910,79.1,0.999902,0.99782,2.78822,0.00260511
7920,79.2,0.999866,0.997819,2.78796,0.00258959
7930,79.3,0.999857,0.997815,2.78763,0.00256504
7940,79.4,0.999878,0.997812,2.78788,0.00253153
7950,79.5,0.999883,0.99781,2.78793,0.00252805
7960,79.6,0.999888,0.997809,2.78826,0.00255689
7970,79.7,0.999844,0.997803,2.78778,0.00257766
7980,79.8,0.999918,0.997801,2.78844,0.0025901
7990,79.9,0.999905,0.997798,2.78822,0.00259399
8000,80,0.999883,0.997795,2.78811,0.00258912
8010,80.1,0.99983,0.997792,2.78799,0.00257538
8020,80.2,0.99985,0.997792,2.7877,0.00255273
8030,80.3,0.999803,0.997787,2.78741,0.00252116
8040,80.4,0.999924,0.997786,2.78815,0.00250404
8050,80.5,0.99985,0.997781,2.788,0.00253431
8060,80.6,0.999781,0.997779,2.78758,0.00255663
8070,80.7,0.999871,0.997775,2.78832,0.00257068
8080,80.8,0.999864,0.997774,2.78817,0.00257621
8090,80.9,0.999879,0.997771,2.78813,0.00257301
8100,81,0.999906,0.997766,2.78806,0.00256097
8110,81.1,0.999857,0.997763,2.78805,0.00254008
8120,81.2,0.999826,0.997763,2.78771,0.00251037
8130,81.3,0.999906,0.997761,2.78827,0.00247848
8140,81.4,0.999895,0.997757,2.78821,0.0025102
8150,81.5,0.999846,0.997754,2.78809,0.00253405
8160,81.6,0.999866,0.99775,2.78806,0.00254973
8170,81.7,0.9999,0.997748,2.78825,0.00255702
8180,81.8,0.999877,0.997747,2.78802,0.0025557
8190,81.9,0.999874,0.997744,2.78797,0.00254564
8200,82,0.999874,0.997739,2.78814,0.00252678
8210,82.1,0.999855,0.997738,2.78805,0.0024991
8220,82.2,0.999909,0.997734,2.78822,0.00246273
8230,82.3,0.999895,0.99773,2.78825,0.0024838
8240,82.4,0.999864,0.997727,2.78822,0.0025094
8250,82.5,0.999886,0.997727,2.78826,0.00252696
8260,82.6,0.999844,0.997725,2.78802,0.00253619
8270,82.7,0.999873,0.997721,2.78814,0.00253698
8280,82.8,0.999852,0.997718,2.7881,0.00252913
8290,82.9,0.999857,0.997716,2.78799,0.00251254
8300,83,0.999874,0.997712,2.78805,0.00248716
8310,83.1,0.999888,0.997709,2.78822,0.00245314
8320,83.2,0.999872,0.997706,2.78796,0.00245729
8330,83.3,0.999896,0.997704,2.78798,0.00248479
8340,83.4,0.999866,0.9977,2.78793,0.00250439
8350,83.5,0.999882,0.997701,2.78815,0.00251582
8360,83.6,0.999896,0.997698,2.78789,0.00251894
8370,83.7,0.999895,0.997691,2.78782,0.00251361
8380,83.8,0.999881,0.997689,2.78792,0.00249963
8390,83.9,0.999916,0.997689,2.78795,0.002477
8400,84,0.999856,0.997687,2.78792,0.00244579
8410,84.1,0.999825,0.997683,2.78764,0.00242807
8420,84.2,0.999867,0.99768,2.78767,0.00245726
8430,84.3,0.999901,0.997679,2.78809,0.00247888
8440,84.4,0.99986,0.997673,2.78748,0.00249267
8450,84.5,0.999847,0.997672,2.78746,0.00249835
8460,84.6,0.999892,0.99767,2.7879,0.00249557
8470,84.7,0.999898,0.997667,2.7879,0.00248433
8480,84.8,0.999853,0.997664,2.78743,0.00246461
8490,84.9,0.999878,0.997662,2.78788,0.00243621
8500,85,0.999876,0.997658,2.78755,0.00240091
8510,85.1,0.999805,0.997655,2.78771,0.00243197
8520,85.2,0.999895,0.997653,2.78762,0.00245556
8530,85.3,0.99989,0.997652,2.78767,0.00247139
8540,85.4,0.999896,0.997648,2.78737,0.00247929
8550,85.5,0.999829,0.997645,2.78741,0.0024791
8560,85.6,0.999865,0.997641,2.7877,0.00247065
8570,85.7,0.999868,0.997641,2.78763,0.00245374
8580,85.8,0.999845,0.997636,2.78738,0.00242832
8590,85.9,0.999825,0.997634,2.78767,0.0023944
8600,86,0.999894,0.997632,2.78775,0.00240503
8610,86.1,0.999856,0.99763,2.78761,0.00243118
8620,86.2,0.99989,0.997627,2.78774,0.00244979
8630,86.3,0.999907,0.997625,2.78792,0.00246057
8640,86.4,0.999857,0.997621,2.78765,0.00246332
8650,86.5,0.999891,0.997619,2.78795,0.00245784
8660,86.6,0.99986,0.997615,2.78774,0.00244404
8670,86.7,0.999858,0.997612,2.78768,0.00242186
8680,86.8,0.999826,0.997611,2.7875,0.00239133
8690,86.9,0.999828,0.997607,2.78739,0.00238205
8700,87,0.999877,0.997605,2.78777,0.00241099
8710,87.1,0.999831,0.997602,2.78762,0.00243258
8720,87.2,0.999909,0.997602,2.78772,0.00244649
8730,87.3,0.999874,0.997595,2.78761,0.00245253
8740,87.4,0.999917,0.997594,2.78782,0.00245056
8750,87.5,0.999869,0.997592,2.78779,0.00244046
8760,87.6,0.999874,0.997589,2.78792,0.00242219
8770,87.7,0.999831,0.997586,2.78771,0.00239577
8780,87.8,0.999866,0.997583,2.78777,0.00236278
8790,87.9,0.999869,0.997581,2.7879,0.00239531
8800,88,0.999907,0.997577,2.78789,0.00242076
8810,88.1,0.999902,0.997574,2.78775,0.00243882
8820,88.2,0.999876,0.997571,2.78765,0.00244927
8830,88.3,0.999882,0.997568,2.78787,0.00245195
8840,88.4,0.999896,0.997567,2.78764,0.00244671
8850,88.5,0.999866,0.997565,2.78789,0.00243348
8860,88.6,0.999838,0.997561,2.78776,0.00241225
8870,88.7,0.999879,0.997558,2.78778,0.00238308
8880,88.8,0.999846,0.997556,2.78772,0.00239114
8890,88.9,0.99988,0.997552,2.78786,0.00242147
8900,89,0.999858,0.99755,2.78761,0.00244478
8910,89.1,0.999859,0.997546,2.78761,0.0024608
8920,89.2,0.999825,0.997544,2.7878,0.00246935
8930,89.3,0.999875,0.997538,2.78764,0.00247027
8940,89.4,0.999873,0.99754,2.78758,0.00246346
8950,89.5,0.999878,0.997535,2.78779,0.0024489
8960,89.6,0.999829,0.997533,2.78759,0.00242661
8970,89.7,0.99988,0.997531,2.78762,0.00241657
8980,89.8,0.999899,0.997526,2.78772,0.00245281
8990,89.9,0.999893,0.997526,2.78758,0.00248455
9000,90,0.99989,0.997522,2.78772,0.00251183
9010,90.1,0.999857,0.997518,2.78749,0.00253422
9020,90.2,0.999848,0.997514,2.78738,0.00255148
9030,90.3,0.999867,0.997514,2.78747,0.00257442
9040,90.4,0.99987,0.997512,2.78762,0.00260453
9050,90.5,0.999804,0.997508,2.78742,0.00265184
9060,90.6,0.999902,0.997504,2.78771,0.00269409
9070,90.7,0.999848,0.997502,2.78756,0.00273117
9080,90.8,0.999892,0.997498,2.78766,0.0027627
9090,90.9,0.999913,0.997495,2.78763,0.00278832
9100,91,0.999857,0.997494,2.78758,0.00280783
9110,91.1,0.99988,0.99749,2.78759,0.00283462
9120,91.2,0.999898,0.997486,2.78762,0.00285731
9130,91.3,0.999854,0.997486,2.78753,0.00288067
9140,91.4,0.99984,0.997481,2.78746,0.00292657
9150,91.5,0.999862,0.997481,2.78747,0.00296624
9160,91.6,0.999901,0.997476,2.7876,0.00299939
9170,91.7,0.999878,0.997474,2.78752,0.00302671
9180,91.8,0.999931,0.997471,2.78763,0.00307093
9190,91.9,0.999887,0.997469,2.78755,0.00310838
9200,92,0.999846,0.997463,2.78739,0.00313871
9210,92.1,0.999884,0.997464,2.78754,0.00316163
9220,92.2,0.99989,0.997458,2.78756,0.00317702
9230,92.3,0.999847,0.997458,2.78744,0.00319212
9240,92.4,0.999826,0.997455,2.78743,0.00323301
9250,92.5,0.999883,0.99745,2.78751,0.00329208
9260,92.6,0.999817,0.997448,2.78735,0.00334401
9270,92.7,0.999872,0.997446,2.78745,0.00338837
9280,92.8,0.999858,0.997444,2.78741,0.00342475
9290,92.9,0.999891,0.997441,2.78749,0.00345282
9300,93,0.999899,0.997438,2.78748,0.00347229
9310,93.1,0.999878,0.997433,2.78748,0.00348297
9320,93.2,0.999891,0.997432,2.78747,0.00351014
9330,93.3,0.999894,0.99743,2.78747,0.00357599
9340,93.4,0.999863,0.997425,2.78742,0.00363409
9350,93.5,0.999846,0.997424,2.78737,0.00368392
9360,93.6,0.999917,0.997421,2.78744,0.00372503
9370,93.7,0.999876,0.997416,2.78744,0.00375707
9380,93.8,0.999872,0.997414,2.78735,0.00378653
9390,93.9,0.999887,0.997413,2.78735,0.00383162
9400,94,0.999889,0.99741,2.78746,0.00386733
9410,94.1,0.999917,0.997405,2.78741,0.00389343
9420,94.2,0.999907,0.997402,2.78734,0.00394762
9430,94.3,0.999875,0.997401,2.78734,0.0039995
9440,94.4,0.999855,0.997397,2.78727,0.00404995
9450,94.5,0.99988,0.997396,2.78732,0.00412593
9460,94.6,0.999894,0.997394,2.78741,0.00419256
9470,94.7,0.999868,0.997392,2.78729,0.00424925
9480,94.8,0.999864,0.997388,2.78724,0.00429553
9490,94.9,0.999862,0.997383,2.78717,0.00433097
9500,95,0.999863,0.99738,2.78722,0.00435526
9510,95.1,0.999871,0.997379,2.78716,0.0043878
9520,95.2,0.999838,0.997374,2.78701,0.00447949
9530,95.3,0.999844,0.997376,2.78705,0.00456349
9540,95.4,0.999878,0.997371,2.78718,0.00463697
9550,95.5,0.999872,0.997367,2.78704,0.00469927
9560,95.6,0.999916,0.997363,2.7872,0.00478614
9570,95.7,0.999856,0.997361,2.78692,0.00487655
9580,95.8,0.999867,0.997359,2.78706,0.00495603
9590,95.9,0.999843,0.997356,2.78691,0.00502392
9600,96,0.999884,0.997352,2.78714,0.00509196
9610,96.1,0.999855,0.997352,2.78696,0.00517298
9620,96.2,0.999855,0.997349,2.78699,0.00524276
9630,96.3,0.999826,0.997347,2.78659,0.00532514
9640,96.4,0.999889,0.997341,2.78699,0.00545606
9650,96.5,0.99987,0.99734,2.78692,0.0056122
9660,96.6,0.999835,0.997338,2.78659,0.00576146
9670,96.7,0.99988,0.997334,2.78694,0.00591676
9680,96.8,0.999863,0.99733,2.7868,0.00606119
9690,96.9,0.999865,0.997328,2.78707,0.00619353
9700,97,0.999853,0.997327,2.7863,0.00631265
9710,97.1,0.999867,0.997323,2.78669,0.00641776
9720,97.2,0.999886,0.997322,2.78666,0.00650781
9730,97.3,0.999908,0.997319,2.78666,0.0066829
9740,97.4,0.999906,0.997317,2.78675,0.00688362
9750,97.5,0.999876,0.997313,2.78668,0.00707139
9760,97.6,0.999873,0.997312,2.78702,0.00724464
9770,97.7,0.999829,0.997306,2.78648,0.00740174
9780,97.8,0.999842,0.997304,2.78701,0.00754128
9790,97.9,0.999927,0.997304,2.78664,0.00766173
9800,98,0.999818,0.997299,2.78647,0.00776194
9810,98.1,0.999872,0.997297,2.78676,0.00785695
9820,98.2,0.999911,0.997292,2.78703,0.00806439
9830,98.3,0.999847,0.99729,2.78621,0.0082531
9840,98.4,0.999854,0.997288,2.78543,0.00842131
9850,98.5,0.999852,0.997283,2.78552,0.00856727
9860,98.6,0.999866,0.997285,2.78538,0.00868937
9870,98.7,0.999861,0.997281,2.78636,0.00878626
9880,98.8,0.999857,0.997278,2.7859,0.0088563
9890,98.9,0.999895,0.997275,2.78689,0.00889833
9900,99,0.999911,0.997274,2.78542,0.00891188
9910,99.1,0.999861,0.99727,2.78513,0.00900757
9920,99.2,0.999852,0.997269,2.78534,0.00911858
9930,99.3,0.999852,0.997265,2.78588,0.00920157
9940,99.4,0.99991,0.997262,2.78704,0.00925522
9950,99.5,0.99993,0.997259,2.78672,0.00927868
9960,99.6,0.999921,0.997256,2.7869,0.00927108
9970,99.7,0.999885,0.997255,2.78616,0.00923187
9980,99.8,0.999859,0.997252,2.78637,0.00916064
9990,99.9,0.999875,0.997249,2.78509,0.00905765
